TotalVertices 300
TotalIndices 1350
Vertices
-1478.494263     212.592972     1485.532227
-1480.262451     236.971161     1478.268188
-1483.826782     244.422485     1471.027100
-1489.877197     266.996216     1451.114868
-1475.532104     199.901184     1484.016235
-1479.400391     224.204819     1478.268066
-1483.826782     229.929703     1471.027100
-1489.877197     252.503433     1451.114868
-1475.030762     181.597443     1485.089233
-1480.262451     207.985580     1478.268066
-1483.826782     215.436905     1471.027100
-1489.877197     238.010635     1451.114868
-1475.030762     167.104645     1485.089355
-1480.262451     193.492783     1478.268066
-1483.826782     207.251724     1471.027100
-1489.877197     223.517838     1451.114868
-1475.030762     152.611847     1485.089233
-1480.262451     178.999985     1478.268066
-1483.826782     185.333389     1471.027100
-1489.877197     209.025040     1451.114868
-1475.030762     138.119049     1485.089233
-1480.262451     164.507187     1478.268066
-1483.826782     170.840591     1471.027100
-1489.877197     194.532242     1451.114868
-1483.148071     262.011505     1461.278320
-1482.286011     249.245026     1461.278320
-1482.286011     234.752228     1461.278320
-1483.148071     218.532990     1461.278320
-1482.286011     205.766632     1461.278320
-1483.148071     189.547394     1461.278320
-1489.038696     60.761879     1447.967285
-1492.072388     60.761898     1448.953003
-1492.072388     60.761814     1452.142700
-1489.038696     60.761833     1453.128418
-1487.163818     60.761856     1450.547852
-1489.038696     268.291779     1447.967285
-1492.072388     268.291779     1448.953003
-1492.072388     268.291718     1452.142700
-1489.038696     268.291718     1453.128418
-1487.163818     268.291748     1450.547852
-1488.396973     266.104431     1445.992065
-1493.752563     266.104523     1447.732300
-1493.752563     266.104462     1453.363403
-1488.396973     266.104553     1455.103638
-1485.087036     266.104492     1450.547852
-1487.482056     269.259277     1443.176514
-1496.147583     269.259216     1445.992065
-1496.147583     269.259338     1455.103638
-1487.482056     269.259277     1457.919189
-1482.126587     269.259277     1450.547852
-1487.482056     273.158813     1443.176514
-1496.147583     273.158752     1445.992065
-1496.147583     273.158875     1455.103638
-1487.482056     273.158813     1457.919189
-1482.126587     273.158813     1450.547852
-1488.396973     276.313538     1445.992065
-1493.752563     276.313629     1447.732300
-1493.752563     276.313568     1453.363403
-1488.396973     276.313660     1455.103638
-1485.087036     276.313599     1450.547852
-1489.877197     264.899414     1450.547852
-1489.877197     277.518677     1450.547852
1398.740112     212.592972     -1485.532227
1400.508057     236.971161     -1478.267944
1404.072144     244.422485     -1471.027100
1410.122803     266.996216     -1451.114868
1395.777954     199.901184     -1484.016235
1399.645996     224.204819     -1478.268066
1404.072144     229.929703     -1471.027100
1410.122803     252.503433     -1451.114868
1395.276367     181.597443     -1485.089233
1400.508057     207.985580     -1478.268066
1404.072144     215.436905     -1471.027100
1410.122803     238.010635     -1451.114868
1395.276367     167.104645     -1485.089111
1400.508057     193.492783     -1478.268066
1404.072144     207.251724     -1471.027100
1410.122803     223.517838     -1451.114868
1395.276367     152.611847     -1485.089233
1400.508057     178.999985     -1478.268066
1404.072144     185.333389     -1471.027100
1410.122803     209.025040     -1451.114868
1395.276367     138.119049     -1485.089233
1400.508057     164.507187     -1478.268066
1404.072144     170.840591     -1471.027100
1410.122803     194.532242     -1451.114868
1403.393433     262.011505     -1461.278320
1402.531372     249.245026     -1461.278320
1402.531372     234.752228     -1461.278320
1403.393433     218.532990     -1461.278320
1402.531372     205.766632     -1461.278320
1403.393433     189.547394     -1461.278320
1409.284546     60.761879     -1447.967285
1412.317749     60.761898     -1448.953003
1412.317749     60.761814     -1452.142700
1409.284546     60.761833     -1453.128418
1407.409424     60.761856     -1450.547852
1409.284546     268.291779     -1447.967285
1412.317749     268.291779     -1448.953003
1412.317749     268.291718     -1452.142700
1409.284546     268.291718     -1453.128418
1407.409424     268.291748     -1450.547852
1408.642578     266.104431     -1445.992065
1413.997925     266.104523     -1447.732300
1413.997925     266.104462     -1453.363403
1408.642578     266.104553     -1455.103638
1405.332397     266.104492     -1450.547852
1407.727905     269.259277     -1443.176514
1416.393433     269.259216     -1445.992065
1416.393433     269.259338     -1455.103638
1407.727905     269.259277     -1457.919189
1402.371948     269.259277     -1450.547852
1407.727905     273.158813     -1443.176514
1416.393433     273.158752     -1445.992065
1416.393433     273.158875     -1455.103638
1407.727905     273.158813     -1457.919189
1402.371948     273.158813     -1450.547852
1408.642578     276.313538     -1445.992065
1413.997925     276.313629     -1447.732300
1413.997925     276.313568     -1453.363403
1408.642578     276.313660     -1455.103638
1405.332397     276.313599     -1450.547852
1410.122803     264.899414     -1450.547852
1410.122803     277.518677     -1450.547852
379.445557     -152.530075     728.934937
478.648193     -152.530075     741.537964
392.048584     -152.530045     629.732300
491.251221     -152.530045     642.335327
392.048584     -252.530029     629.732300
491.251221     -252.530029     642.335327
379.445557     -252.530045     728.934937
478.648193     -252.530045     741.537964
455.534424     -202.530045     631.534058
503.776581     -202.530045     618.392822
442.393188     -202.530045     583.291870
490.635376     -202.530045     570.150635
442.393188     -252.530029     583.291870
490.635376     -252.530029     570.150635
455.534424     -252.530045     631.534058
503.776581     -252.530045     618.392822
-1672.976318     -152.530075     1122.656372
-1573.773682     -152.530075     1135.259399
-1660.373291     -152.530075     1023.453735
-1561.170654     -152.530075     1036.056763
-1660.373291     -252.530090     1023.453735
-1561.170654     -252.530090     1036.056763
-1672.976318     -252.530075     1122.656372
-1573.773682     -252.530075     1135.259399
-1574.360107     -202.530075     1025.255371
-1526.117920     -202.530075     1012.114258
-1587.501221     -202.530075     977.013184
-1539.259033     -202.530075     963.872070
-1587.501221     -252.530090     977.013184
-1539.259033     -252.530090     963.872070
-1574.360107     -252.530075     1025.255371
-1526.117920     -252.530075     1012.114258
-1530.952637     -152.530075     1137.358643
-1432.506348     -152.530075     1119.800781
-1548.510742     -152.530075     1038.912231
-1450.064209     -152.530075     1021.354370
-1548.510742     -252.530090     1038.912231
-1450.064209     -252.530090     1021.354370
-1530.952637     -252.530075     1137.358643
-1432.506348     -252.530075     1119.800781
-1647.526855     -52.530014     1142.324097
-1547.530762     -52.530014     1143.204956
-1646.645996     -52.530075     1042.328003
-1546.649902     -52.530075     1043.208862
-1646.645996     -152.530075     1042.328003
-1546.649902     -152.530075     1043.208862
-1647.526855     -152.530075     1142.324097
-1547.530762     -152.530075     1143.204956
-1574.360107     -202.530045     -68.585297
-1526.117920     -202.530045     -81.726532
-1587.501221     -202.530045     -116.827484
-1539.259033     -202.530060     -129.968719
-1587.501221     -252.530029     -116.827484
-1539.259033     -252.530060     -129.968719
-1574.360107     -252.530045     -68.585297
-1526.117920     -252.530045     -81.726532
-1672.976318     -152.530045     28.815552
-1573.773682     -152.530045     41.418594
-1660.373291     -152.530045     -70.387085
-1561.170654     -152.530045     -57.784058
-1660.373291     -252.530029     -70.387085
-1561.170654     -252.530029     -57.784058
-1672.976318     -252.530045     28.815552
-1573.773682     -252.530045     41.418610
-1649.238525     -202.530045     -68.585297
-1600.996338     -202.530045     -81.726532
-1662.379639     -202.530045     -116.827484
-1614.137451     -202.530060     -129.968719
-1662.379639     -252.530029     -116.827484
-1614.137451     -252.530060     -129.968719
-1649.238525     -252.530045     -68.585297
-1600.996338     -252.530045     -81.726532
-1665.355225     -102.530045     -23.729340
-1642.481934     -102.530045     20.731964
-1620.894043     -102.530045     -46.602753
-1598.020508     -102.530045     -2.141449
-1620.894043     -152.530045     -46.602753
-1598.020508     -152.530045     -2.141449
-1665.355225     -152.530045     -23.729340
-1642.481934     -152.530045     20.731964
-883.266479     147.469955     -221.539124
-784.063843     147.469955     -208.936127
-870.663452     147.469955     -320.741821
-771.460815     147.469955     -308.138763
-870.663452     47.469955     -320.741821
-771.460815     47.469955     -308.138763
-883.266479     47.469955     -221.539124
-784.063843     47.469955     -208.936127
-459.199951     -152.530014     -728.934814
-558.402588     -152.530014     -741.537842
-471.802979     -152.530014     -629.732178
-571.005615     -152.530014     -642.335205
-471.802979     -252.530029     -629.732178
-571.005615     -252.530029     -642.335205
-459.199951     -252.530014     -728.934814
-558.402588     -252.530014     -741.537842
-535.288818     -202.530014     -631.534058
-583.531006     -202.530014     -618.392822
-522.147583     -202.530014     -583.291870
-570.389771     -202.530014     -570.150635
-522.147583     -252.530029     -583.291870
-570.389771     -252.530029     -570.150635
-535.288818     -252.530014     -631.534058
-583.531006     -252.530014     -618.392822
1451.198364     -152.530014     -1137.358765
1352.751831     -152.530014     -1119.800781
1468.756348     -152.530014     -1038.912231
1370.309814     -152.530014     -1021.354248
1468.756348     -252.530029     -1038.912231
1370.309814     -252.530029     -1021.354248
1451.198364     -252.530014     -1137.358765
1352.751831     -252.530014     -1119.800781
1567.772461     -52.530014     -1142.324097
1467.776367     -52.530014     -1143.205078
1566.891479     -52.530014     -1042.328003
1466.895386     -52.530014     -1043.208862
1566.891479     -152.530014     -1042.328003
1466.895386     -152.530014     -1043.208862
1567.772461     -152.530014     -1142.324097
1467.776367     -152.530014     -1143.205078
1593.221924     -152.530014     -1122.656372
1494.019287     -152.530014     -1135.259277
1580.618774     -152.530014     -1023.453613
1481.416260     -152.530014     -1036.056641
1580.618774     -252.530029     -1023.453613
1481.416260     -252.530029     -1036.056641
1593.221924     -252.530014     -1122.656372
1494.019287     -252.530014     -1135.259277
1494.605591     -202.530014     -1025.255493
1446.363403     -202.530014     -1012.114258
1507.746826     -202.530014     -977.013306
1459.504639     -202.530014     -963.872192
1507.746826     -252.530029     -977.013306
1459.504639     -252.530029     -963.872192
1494.605591     -252.530014     -1025.255493
1446.363403     -252.530014     -1012.114258
1593.221924     -152.530045     -28.815506
1494.019287     -152.530045     -41.418518
1580.618774     -152.530045     70.387146
1481.416260     -152.530045     57.784119
1580.618774     -252.530029     70.387146
1481.416260     -252.530029     57.784119
1593.221924     -252.530029     -28.815491
1494.019287     -252.530045     -41.418518
1585.600952     -102.530045     23.729401
1562.727539     -102.530045     -20.731903
1541.139648     -102.530045     46.602814
1518.266235     -102.530045     2.141510
1541.139648     -152.530045     46.602814
1518.266235     -152.530045     2.141510
1585.600952     -152.530045     23.729401
1562.727539     -152.530045     -20.731903
1569.484131     -202.530045     68.585388
1521.241943     -202.530045     81.726593
1582.625244     -202.530045     116.827545
1534.383057     -202.530045     129.968781
1582.625244     -252.530029     116.827545
1534.383057     -252.530029     129.968781
1569.484131     -252.530045     68.585388
1521.241943     -252.530045     81.726593
1494.605591     -202.530045     68.585388
1446.363403     -202.530045     81.726593
1507.746826     -202.530045     116.827545
1459.504639     -202.530045     129.968781
1507.746826     -252.530029     116.827545
1459.504639     -252.530029     129.968781
1494.605591     -252.530045     68.585388
1446.363403     -252.530045     81.726593
803.512085     147.469955     221.539215
704.309448     147.469955     208.936188
790.909058     147.469955     320.741882
691.706421     147.469955     308.138824
790.909058     47.469955     320.741882
691.706421     47.469955     308.138794
803.512085     47.469955     221.539246
704.309448     47.469955     208.936188
Normals
-1478.494263     212.592972     1485.532227
-1480.262451     236.971161     1478.268188
-1483.826782     244.422485     1471.027100
-1489.877197     266.996216     1451.114868
-1475.532104     199.901184     1484.016235
-1479.400391     224.204819     1478.268066
-1483.826782     229.929703     1471.027100
-1489.877197     252.503433     1451.114868
-1475.030762     181.597443     1485.089233
-1480.262451     207.985580     1478.268066
-1483.826782     215.436905     1471.027100
-1489.877197     238.010635     1451.114868
-1475.030762     167.104645     1485.089355
-1480.262451     193.492783     1478.268066
-1483.826782     207.251724     1471.027100
-1489.877197     223.517838     1451.114868
-1475.030762     152.611847     1485.089233
-1480.262451     178.999985     1478.268066
-1483.826782     185.333389     1471.027100
-1489.877197     209.025040     1451.114868
-1475.030762     138.119049     1485.089233
-1480.262451     164.507187     1478.268066
-1483.826782     170.840591     1471.027100
-1489.877197     194.532242     1451.114868
-1483.148071     262.011505     1461.278320
-1482.286011     249.245026     1461.278320
-1482.286011     234.752228     1461.278320
-1483.148071     218.532990     1461.278320
-1482.286011     205.766632     1461.278320
-1483.148071     189.547394     1461.278320
-1489.038696     60.761879     1447.967285
-1492.072388     60.761898     1448.953003
-1492.072388     60.761814     1452.142700
-1489.038696     60.761833     1453.128418
-1487.163818     60.761856     1450.547852
-1489.038696     268.291779     1447.967285
-1492.072388     268.291779     1448.953003
-1492.072388     268.291718     1452.142700
-1489.038696     268.291718     1453.128418
-1487.163818     268.291748     1450.547852
-1488.396973     266.104431     1445.992065
-1493.752563     266.104523     1447.732300
-1493.752563     266.104462     1453.363403
-1488.396973     266.104553     1455.103638
-1485.087036     266.104492     1450.547852
-1487.482056     269.259277     1443.176514
-1496.147583     269.259216     1445.992065
-1496.147583     269.259338     1455.103638
-1487.482056     269.259277     1457.919189
-1482.126587     269.259277     1450.547852
-1487.482056     273.158813     1443.176514
-1496.147583     273.158752     1445.992065
-1496.147583     273.158875     1455.103638
-1487.482056     273.158813     1457.919189
-1482.126587     273.158813     1450.547852
-1488.396973     276.313538     1445.992065
-1493.752563     276.313629     1447.732300
-1493.752563     276.313568     1453.363403
-1488.396973     276.313660     1455.103638
-1485.087036     276.313599     1450.547852
-1489.877197     264.899414     1450.547852
-1489.877197     277.518677     1450.547852
1398.740112     212.592972     -1485.532227
1400.508057     236.971161     -1478.267944
1404.072144     244.422485     -1471.027100
1410.122803     266.996216     -1451.114868
1395.777954     199.901184     -1484.016235
1399.645996     224.204819     -1478.268066
1404.072144     229.929703     -1471.027100
1410.122803     252.503433     -1451.114868
1395.276367     181.597443     -1485.089233
1400.508057     207.985580     -1478.268066
1404.072144     215.436905     -1471.027100
1410.122803     238.010635     -1451.114868
1395.276367     167.104645     -1485.089111
1400.508057     193.492783     -1478.268066
1404.072144     207.251724     -1471.027100
1410.122803     223.517838     -1451.114868
1395.276367     152.611847     -1485.089233
1400.508057     178.999985     -1478.268066
1404.072144     185.333389     -1471.027100
1410.122803     209.025040     -1451.114868
1395.276367     138.119049     -1485.089233
1400.508057     164.507187     -1478.268066
1404.072144     170.840591     -1471.027100
1410.122803     194.532242     -1451.114868
1403.393433     262.011505     -1461.278320
1402.531372     249.245026     -1461.278320
1402.531372     234.752228     -1461.278320
1403.393433     218.532990     -1461.278320
1402.531372     205.766632     -1461.278320
1403.393433     189.547394     -1461.278320
1409.284546     60.761879     -1447.967285
1412.317749     60.761898     -1448.953003
1412.317749     60.761814     -1452.142700
1409.284546     60.761833     -1453.128418
1407.409424     60.761856     -1450.547852
1409.284546     268.291779     -1447.967285
1412.317749     268.291779     -1448.953003
1412.317749     268.291718     -1452.142700
1409.284546     268.291718     -1453.128418
1407.409424     268.291748     -1450.547852
1408.642578     266.104431     -1445.992065
1413.997925     266.104523     -1447.732300
1413.997925     266.104462     -1453.363403
1408.642578     266.104553     -1455.103638
1405.332397     266.104492     -1450.547852
1407.727905     269.259277     -1443.176514
1416.393433     269.259216     -1445.992065
1416.393433     269.259338     -1455.103638
1407.727905     269.259277     -1457.919189
1402.371948     269.259277     -1450.547852
1407.727905     273.158813     -1443.176514
1416.393433     273.158752     -1445.992065
1416.393433     273.158875     -1455.103638
1407.727905     273.158813     -1457.919189
1402.371948     273.158813     -1450.547852
1408.642578     276.313538     -1445.992065
1413.997925     276.313629     -1447.732300
1413.997925     276.313568     -1453.363403
1408.642578     276.313660     -1455.103638
1405.332397     276.313599     -1450.547852
1410.122803     264.899414     -1450.547852
1410.122803     277.518677     -1450.547852
379.445557     -152.530075     728.934937
478.648193     -152.530075     741.537964
392.048584     -152.530045     629.732300
491.251221     -152.530045     642.335327
392.048584     -252.530029     629.732300
491.251221     -252.530029     642.335327
379.445557     -252.530045     728.934937
478.648193     -252.530045     741.537964
455.534424     -202.530045     631.534058
503.776581     -202.530045     618.392822
442.393188     -202.530045     583.291870
490.635376     -202.530045     570.150635
442.393188     -252.530029     583.291870
490.635376     -252.530029     570.150635
455.534424     -252.530045     631.534058
503.776581     -252.530045     618.392822
-1672.976318     -152.530075     1122.656372
-1573.773682     -152.530075     1135.259399
-1660.373291     -152.530075     1023.453735
-1561.170654     -152.530075     1036.056763
-1660.373291     -252.530090     1023.453735
-1561.170654     -252.530090     1036.056763
-1672.976318     -252.530075     1122.656372
-1573.773682     -252.530075     1135.259399
-1574.360107     -202.530075     1025.255371
-1526.117920     -202.530075     1012.114258
-1587.501221     -202.530075     977.013184
-1539.259033     -202.530075     963.872070
-1587.501221     -252.530090     977.013184
-1539.259033     -252.530090     963.872070
-1574.360107     -252.530075     1025.255371
-1526.117920     -252.530075     1012.114258
-1530.952637     -152.530075     1137.358643
-1432.506348     -152.530075     1119.800781
-1548.510742     -152.530075     1038.912231
-1450.064209     -152.530075     1021.354370
-1548.510742     -252.530090     1038.912231
-1450.064209     -252.530090     1021.354370
-1530.952637     -252.530075     1137.358643
-1432.506348     -252.530075     1119.800781
-1647.526855     -52.530014     1142.324097
-1547.530762     -52.530014     1143.204956
-1646.645996     -52.530075     1042.328003
-1546.649902     -52.530075     1043.208862
-1646.645996     -152.530075     1042.328003
-1546.649902     -152.530075     1043.208862
-1647.526855     -152.530075     1142.324097
-1547.530762     -152.530075     1143.204956
-1574.360107     -202.530045     -68.585297
-1526.117920     -202.530045     -81.726532
-1587.501221     -202.530045     -116.827484
-1539.259033     -202.530060     -129.968719
-1587.501221     -252.530029     -116.827484
-1539.259033     -252.530060     -129.968719
-1574.360107     -252.530045     -68.585297
-1526.117920     -252.530045     -81.726532
-1672.976318     -152.530045     28.815552
-1573.773682     -152.530045     41.418594
-1660.373291     -152.530045     -70.387085
-1561.170654     -152.530045     -57.784058
-1660.373291     -252.530029     -70.387085
-1561.170654     -252.530029     -57.784058
-1672.976318     -252.530045     28.815552
-1573.773682     -252.530045     41.418610
-1649.238525     -202.530045     -68.585297
-1600.996338     -202.530045     -81.726532
-1662.379639     -202.530045     -116.827484
-1614.137451     -202.530060     -129.968719
-1662.379639     -252.530029     -116.827484
-1614.137451     -252.530060     -129.968719
-1649.238525     -252.530045     -68.585297
-1600.996338     -252.530045     -81.726532
-1665.355225     -102.530045     -23.729340
-1642.481934     -102.530045     20.731964
-1620.894043     -102.530045     -46.602753
-1598.020508     -102.530045     -2.141449
-1620.894043     -152.530045     -46.602753
-1598.020508     -152.530045     -2.141449
-1665.355225     -152.530045     -23.729340
-1642.481934     -152.530045     20.731964
-883.266479     147.469955     -221.539124
-784.063843     147.469955     -208.936127
-870.663452     147.469955     -320.741821
-771.460815     147.469955     -308.138763
-870.663452     47.469955     -320.741821
-771.460815     47.469955     -308.138763
-883.266479     47.469955     -221.539124
-784.063843     47.469955     -208.936127
-459.199951     -152.530014     -728.934814
-558.402588     -152.530014     -741.537842
-471.802979     -152.530014     -629.732178
-571.005615     -152.530014     -642.335205
-471.802979     -252.530029     -629.732178
-571.005615     -252.530029     -642.335205
-459.199951     -252.530014     -728.934814
-558.402588     -252.530014     -741.537842
-535.288818     -202.530014     -631.534058
-583.531006     -202.530014     -618.392822
-522.147583     -202.530014     -583.291870
-570.389771     -202.530014     -570.150635
-522.147583     -252.530029     -583.291870
-570.389771     -252.530029     -570.150635
-535.288818     -252.530014     -631.534058
-583.531006     -252.530014     -618.392822
1451.198364     -152.530014     -1137.358765
1352.751831     -152.530014     -1119.800781
1468.756348     -152.530014     -1038.912231
1370.309814     -152.530014     -1021.354248
1468.756348     -252.530029     -1038.912231
1370.309814     -252.530029     -1021.354248
1451.198364     -252.530014     -1137.358765
1352.751831     -252.530014     -1119.800781
1567.772461     -52.530014     -1142.324097
1467.776367     -52.530014     -1143.205078
1566.891479     -52.530014     -1042.328003
1466.895386     -52.530014     -1043.208862
1566.891479     -152.530014     -1042.328003
1466.895386     -152.530014     -1043.208862
1567.772461     -152.530014     -1142.324097
1467.776367     -152.530014     -1143.205078
1593.221924     -152.530014     -1122.656372
1494.019287     -152.530014     -1135.259277
1580.618774     -152.530014     -1023.453613
1481.416260     -152.530014     -1036.056641
1580.618774     -252.530029     -1023.453613
1481.416260     -252.530029     -1036.056641
1593.221924     -252.530014     -1122.656372
1494.019287     -252.530014     -1135.259277
1494.605591     -202.530014     -1025.255493
1446.363403     -202.530014     -1012.114258
1507.746826     -202.530014     -977.013306
1459.504639     -202.530014     -963.872192
1507.746826     -252.530029     -977.013306
1459.504639     -252.530029     -963.872192
1494.605591     -252.530014     -1025.255493
1446.363403     -252.530014     -1012.114258
1593.221924     -152.530045     -28.815506
1494.019287     -152.530045     -41.418518
1580.618774     -152.530045     70.387146
1481.416260     -152.530045     57.784119
1580.618774     -252.530029     70.387146
1481.416260     -252.530029     57.784119
1593.221924     -252.530029     -28.815491
1494.019287     -252.530045     -41.418518
1585.600952     -102.530045     23.729401
1562.727539     -102.530045     -20.731903
1541.139648     -102.530045     46.602814
1518.266235     -102.530045     2.141510
1541.139648     -152.530045     46.602814
1518.266235     -152.530045     2.141510
1585.600952     -152.530045     23.729401
1562.727539     -152.530045     -20.731903
1569.484131     -202.530045     68.585388
1521.241943     -202.530045     81.726593
1582.625244     -202.530045     116.827545
1534.383057     -202.530045     129.968781
1582.625244     -252.530029     116.827545
1534.383057     -252.530029     129.968781
1569.484131     -252.530045     68.585388
1521.241943     -252.530045     81.726593
1494.605591     -202.530045     68.585388
1446.363403     -202.530045     81.726593
1507.746826     -202.530045     116.827545
1459.504639     -202.530045     129.968781
1507.746826     -252.530029     116.827545
1459.504639     -252.530029     129.968781
1494.605591     -252.530045     68.585388
1446.363403     -252.530045     81.726593
803.512085     147.469955     221.539215
704.309448     147.469955     208.936188
790.909058     147.469955     320.741882
691.706421     147.469955     308.138824
790.909058     47.469955     320.741882
691.706421     47.469955     308.138794
803.512085     47.469955     221.539246
704.309448     47.469955     208.936188
Colors
255     255     255
255     255     255
255     255     255
255     255     255
255     255     255
255     255     255
255     255     255
255     255     255
255     255     255
255     255     255
255     255     255
255     255     255
255     255     255
255     255     255
255     255     255
255     255     255
255     255     255
255     255     255
255     255     255
255     255     255
255     255     255
255     255     255
255     255     255
255     255     255
255     255     255
255     255     255
255     255     255
255     255     255
255     255     255
255     255     255
255     255     255
255     255     255
255     255     255
255     255     255
255     255     255
255     255     255
255     255     255
255     255     255
255     255     255
255     255     255
255     255     255
255     255     255
255     255     255
255     255     255
255     255     255
255     255     255
255     255     255
255     255     255
255     255     255
255     255     255
255     255     255
255     255     255
255     255     255
255     255     255
255     255     255
255     255     255
255     255     255
255     255     255
255     255     255
255     255     255
255     255     255
255     255     255
255     255     255
255     255     255
255     255     255
255     255     255
255     255     255
255     255     255
255     255     255
255     255     255
255     255     255
255     255     255
255     255     255
255     255     255
255     255     255
255     255     255
255     255     255
255     255     255
255     255     255
255     255     255
255     255     255
255     255     255
255     255     255
255     255     255
255     255     255
255     255     255
255     255     255
255     255     255
255     255     255
255     255     255
255     255     255
255     255     255
255     255     255
255     255     255
255     255     255
255     255     255
255     255     255
255     255     255
255     255     255
255     255     255
255     255     255
255     255     255
255     255     255
255     255     255
255     255     255
255     255     255
255     255     255
255     255     255
255     255     255
255     255     255
255     255     255
255     255     255
255     255     255
255     255     255
255     255     255
255     255     255
255     255     255
255     255     255
255     255     255
255     255     255
255     255     255
255     255     255
255     255     255
255     255     255
255     255     255
255     255     255
255     255     255
255     255     255
255     255     255
255     255     255
255     255     255
255     255     255
255     255     255
255     255     255
255     255     255
255     255     255
255     255     255
255     255     255
255     255     255
255     255     255
255     255     255
255     255     255
255     255     255
255     255     255
255     255     255
255     255     255
255     255     255
255     255     255
255     255     255
255     255     255
255     255     255
255     255     255
255     255     255
255     255     255
255     255     255
255     255     255
255     255     255
255     255     255
255     255     255
255     255     255
255     255     255
255     255     255
255     255     255
255     255     255
255     255     255
255     255     255
255     255     255
255     255     255
255     255     255
255     255     255
255     255     255
255     255     255
255     255     255
255     255     255
255     255     255
255     255     255
255     255     255
255     255     255
255     255     255
255     255     255
255     255     255
255     255     255
255     255     255
255     255     255
255     255     255
255     255     255
255     255     255
255     255     255
255     255     255
255     255     255
255     255     255
255     255     255
255     255     255
255     255     255
255     255     255
255     255     255
255     255     255
255     255     255
255     255     255
255     255     255
255     255     255
255     255     255
255     255     255
255     255     255
255     255     255
255     255     255
255     255     255
255     255     255
255     255     255
255     255     255
255     255     255
255     255     255
255     255     255
255     255     255
255     255     255
255     255     255
255     255     255
255     255     255
255     255     255
255     255     255
255     255     255
255     255     255
255     255     255
255     255     255
255     255     255
255     255     255
255     255     255
255     255     255
255     255     255
255     255     255
255     255     255
255     255     255
255     255     255
255     255     255
255     255     255
255     255     255
255     255     255
255     255     255
255     255     255
255     255     255
255     255     255
255     255     255
255     255     255
255     255     255
255     255     255
255     255     255
255     255     255
255     255     255
255     255     255
255     255     255
255     255     255
255     255     255
255     255     255
255     255     255
255     255     255
255     255     255
255     255     255
255     255     255
255     255     255
255     255     255
255     255     255
255     255     255
255     255     255
255     255     255
255     255     255
255     255     255
255     255     255
255     255     255
255     255     255
255     255     255
255     255     255
255     255     255
255     255     255
255     255     255
255     255     255
255     255     255
255     255     255
255     255     255
255     255     255
255     255     255
255     255     255
255     255     255
255     255     255
255     255     255
255     255     255
255     255     255
255     255     255
255     255     255
255     255     255
255     255     255
255     255     255
255     255     255
255     255     255
255     255     255
255     255     255
255     255     255
255     255     255
255     255     255
255     255     255
255     255     255
UV
0.100346       0.430419
0.150712       0.261391
0.200918       0.209727
0.338981       0.053210
0.110857       0.518419
0.150712       0.349907
0.200918       0.310214
0.338981       0.153697
0.103417       0.645329
0.150712       0.462365
0.200918       0.410701
0.338981       0.254184
0.103417       0.745816
0.150712       0.562851
0.200918       0.467453
0.338981       0.354671
0.103417       0.846303
0.150712       0.663338
0.200918       0.619426
0.338981       0.455158
0.103417       0.946790
0.150712       0.763825
0.200918       0.719913
0.338981       0.555645
0.268512       0.087773
0.268512       0.176290
0.268512       0.276776
0.268512       0.389234
0.268512       0.477750
0.268512       0.590207
0.924729       0.060527
0.937578       0.060527
0.895999       0.060527
0.908848       0.060527
0.916789       0.060527
0.924729       0.939473
0.937578       0.939473
0.895999       0.939473
0.908848       0.939473
0.916789       0.939473
0.587094       0.887398
0.485727       0.856074
0.485727       0.754708
0.587094       0.723384
0.649741       0.805391
0.604409       0.938081
0.440394       0.887398
0.440394       0.723384
0.604409       0.672700
0.705775       0.805391
0.604409       0.938081
0.440394       0.887398
0.440394       0.723384
0.604409       0.672700
0.705775       0.805391
0.587094       0.887398
0.485727       0.856074
0.485727       0.754708
0.587094       0.723384
0.649741       0.805391
0.559076       0.805391
0.559076       0.805391
0.100346       0.430419
0.150712       0.261391
0.200918       0.209727
0.338981       0.053210
0.110857       0.518419
0.150712       0.349907
0.200918       0.310214
0.338981       0.153697
0.103417       0.645329
0.150712       0.462365
0.200918       0.410701
0.338981       0.254184
0.103417       0.745816
0.150712       0.562851
0.200918       0.467453
0.338981       0.354671
0.103417       0.846303
0.150712       0.663338
0.200918       0.619426
0.338981       0.455158
0.103417       0.946790
0.150712       0.763825
0.200918       0.719913
0.338981       0.555645
0.268512       0.087773
0.268512       0.176290
0.268512       0.276776
0.268512       0.389234
0.268512       0.477750
0.268512       0.590207
0.924729       0.060527
0.937578       0.060527
0.895999       0.060527
0.908848       0.060527
0.916789       0.060527
0.924729       0.939473
0.937578       0.939473
0.895999       0.939473
0.908848       0.939473
0.916789       0.939473
0.587094       0.887398
0.485727       0.856074
0.485727       0.754708
0.587094       0.723384
0.649741       0.805391
0.604409       0.938081
0.440394       0.887398
0.440394       0.723384
0.604409       0.672700
0.705775       0.805391
0.604409       0.938081
0.440394       0.887398
0.440394       0.723384
0.604409       0.672700
0.705775       0.805391
0.587094       0.887398
0.485727       0.856074
0.485727       0.754708
0.587094       0.723384
0.649741       0.805391
0.559076       0.805391
0.559076       0.805391
0.252889       0.415135
0.495233       0.415135
0.252889       0.657480
0.495233       0.657480
0.252889       0.899825
0.495234       0.899824
0.979923       0.415135
0.737578       0.415135
0.252889       0.415135
0.495233       0.415135
0.252889       0.657480
0.495233       0.657480
0.252889       0.899825
0.495234       0.899824
0.979923       0.415135
0.737578       0.415135
0.252889       0.415135
0.495233       0.415135
0.252889       0.657480
0.495233       0.657480
0.252889       0.899825
0.495234       0.899824
0.979923       0.415135
0.737578       0.415135
0.252889       0.415135
0.495233       0.415135
0.252889       0.657480
0.495233       0.657480
0.252889       0.899825
0.495234       0.899824
0.979923       0.415135
0.737578       0.415135
0.252889       0.415135
0.495233       0.415135
0.252889       0.657480
0.495233       0.657480
0.252889       0.899825
0.495234       0.899824
0.979923       0.415135
0.737578       0.415135
0.252889       0.415135
0.495233       0.415135
0.252889       0.657480
0.495233       0.657480
0.252889       0.899825
0.495234       0.899824
0.979923       0.415135
0.737578       0.415135
0.252889       0.415135
0.495233       0.415135
0.252889       0.657480
0.495233       0.657480
0.252889       0.899825
0.495234       0.899824
0.979923       0.415135
0.737578       0.415135
0.252889       0.415135
0.495233       0.415135
0.252889       0.657480
0.495233       0.657480
0.252889       0.899825
0.495234       0.899824
0.979923       0.415135
0.737578       0.415135
0.252889       0.415135
0.495233       0.415135
0.252889       0.657480
0.495233       0.657480
0.252889       0.899825
0.495234       0.899824
0.979923       0.415135
0.737578       0.415135
0.252889       0.415135
0.495233       0.415135
0.252889       0.657480
0.495233       0.657480
0.252889       0.899825
0.495234       0.899824
0.979923       0.415135
0.737578       0.415135
0.252889       0.415135
0.495233       0.415135
0.252889       0.657480
0.495233       0.657480
0.252889       0.899825
0.495234       0.899824
0.979923       0.415135
0.737578       0.415135
0.252889       0.415135
0.495233       0.415135
0.252889       0.657480
0.495233       0.657480
0.252889       0.899825
0.495234       0.899824
0.979923       0.415135
0.737578       0.415135
0.252889       0.415135
0.495233       0.415135
0.252889       0.657480
0.495233       0.657480
0.252889       0.899825
0.495234       0.899824
0.979923       0.415135
0.737578       0.415135
0.252889       0.415135
0.495233       0.415135
0.252889       0.657480
0.495233       0.657480
0.252889       0.899825
0.495234       0.899824
0.979923       0.415135
0.737578       0.415135
0.252889       0.415135
0.495233       0.415135
0.252889       0.657480
0.495233       0.657480
0.252889       0.899825
0.495234       0.899824
0.979923       0.415135
0.737578       0.415135
0.252889       0.415135
0.495233       0.415135
0.252889       0.657480
0.495233       0.657480
0.252889       0.899825
0.495234       0.899824
0.979923       0.415135
0.737578       0.415135
0.252889       0.415135
0.495233       0.415135
0.252889       0.657480
0.495233       0.657480
0.252889       0.899825
0.495234       0.899824
0.979923       0.415135
0.737578       0.415135
0.252889       0.415135
0.495233       0.415135
0.252889       0.657480
0.495233       0.657480
0.252889       0.899825
0.495234       0.899824
0.979923       0.415135
0.737578       0.415135
0.252889       0.415135
0.495233       0.415135
0.252889       0.657480
0.495233       0.657480
0.252889       0.899825
0.495234       0.899824
0.979923       0.415135
0.737578       0.415135
0.252889       0.415135
0.495233       0.415135
0.252889       0.657480
0.495233       0.657480
0.252889       0.899825
0.495234       0.899824
0.979923       0.415135
0.737578       0.415135
0.252889       0.415135
0.495233       0.415135
0.252889       0.657480
0.495233       0.657480
0.252889       0.899825
0.495234       0.899824
0.979923       0.415135
0.737578       0.415135
0.252889       0.415135
0.495233       0.415135
0.252889       0.657480
0.495233       0.657480
0.252889       0.899825
0.495234       0.899824
0.979923       0.415135
0.737578       0.415135
Indices
1   5   0   
0   5   4   
2   6   1   
1   6   5   
24   25   2   
2   25   6   
5   9   4   
4   9   8   
6   10   5   
5   10   9   
25   26   6   
6   26   10   
9   13   8   
8   13   12   
10   14   9   
9   14   13   
26   27   10   
10   27   14   
13   17   12   
12   17   16   
14   18   13   
13   18   17   
27   28   14   
14   28   18   
17   21   16   
16   21   20   
18   22   17   
17   22   21   
28   29   18   
18   29   22   
3   7   24   
24   7   25   
26   25   11   
11   25   7   
27   26   15   
15   26   11   
28   27   19   
19   27   15   
29   28   23   
23   28   19   
30   31   35   
35   31   36   
31   32   36   
36   32   37   
32   33   37   
37   33   38   
33   34   38   
38   34   39   
34   30   39   
39   30   35   
30   34   31   
34   33   31   
33   32   31   
40   41   45   
45   41   46   
41   42   46   
46   42   47   
42   43   47   
47   43   48   
43   44   48   
48   44   49   
44   40   49   
49   40   45   
45   46   50   
50   46   51   
46   47   51   
51   47   52   
47   48   52   
52   48   53   
48   49   53   
53   49   54   
49   45   54   
54   45   50   
50   51   55   
55   51   56   
51   52   56   
56   52   57   
52   53   57   
57   53   58   
53   54   58   
58   54   59   
54   50   59   
59   50   55   
41   40   60   
42   41   60   
43   42   60   
44   43   60   
40   44   60   
55   56   61   
56   57   61   
57   58   61   
58   59   61   
59   55   61   
63   67   62   
62   67   66   
64   68   63   
63   68   67   
86   87   64   
64   87   68   
67   71   66   
66   71   70   
68   72   67   
67   72   71   
87   88   68   
68   88   72   
71   75   70   
70   75   74   
72   76   71   
71   76   75   
88   89   72   
72   89   76   
75   79   74   
74   79   78   
76   80   75   
75   80   79   
89   90   76   
76   90   80   
79   83   78   
78   83   82   
80   84   79   
79   84   83   
90   91   80   
80   91   84   
65   69   86   
86   69   87   
88   87   73   
73   87   69   
89   88   77   
77   88   73   
90   89   81   
81   89   77   
91   90   85   
85   90   81   
92   93   97   
97   93   98   
93   94   98   
98   94   99   
94   95   99   
99   95   100   
95   96   100   
100   96   101   
96   92   101   
101   92   97   
92   96   93   
96   95   93   
95   94   93   
102   103   107   
107   103   108   
103   104   108   
108   104   109   
104   105   109   
109   105   110   
105   106   110   
110   106   111   
106   102   111   
111   102   107   
107   108   112   
112   108   113   
108   109   113   
113   109   114   
109   110   114   
114   110   115   
110   111   115   
115   111   116   
111   107   116   
116   107   112   
112   113   117   
117   113   118   
113   114   118   
118   114   119   
114   115   119   
119   115   120   
115   116   120   
120   116   121   
116   112   121   
121   112   117   
103   102   122   
104   103   122   
105   104   122   
106   105   122   
102   106   122   
117   118   123   
118   119   123   
119   120   123   
120   121   123   
121   117   123   
124   125   126   
126   125   127   
126   127   128   
128   127   129   
128   129   130   
130   129   131   
130   131   124   
124   131   125   
125   131   127   
127   131   129   
130   124   128   
128   124   126   
132   133   134   
134   133   135   
134   135   136   
136   135   137   
136   137   138   
138   137   139   
138   139   132   
132   139   133   
133   139   135   
135   139   137   
138   132   136   
136   132   134   
140   141   142   
142   141   143   
142   143   144   
144   143   145   
144   145   146   
146   145   147   
146   147   140   
140   147   141   
141   147   143   
143   147   145   
146   140   144   
144   140   142   
148   149   150   
150   149   151   
150   151   152   
152   151   153   
152   153   154   
154   153   155   
154   155   148   
148   155   149   
149   155   151   
151   155   153   
154   148   152   
152   148   150   
156   157   158   
158   157   159   
158   159   160   
160   159   161   
160   161   162   
162   161   163   
162   163   156   
156   163   157   
157   163   159   
159   163   161   
162   156   160   
160   156   158   
164   165   166   
166   165   167   
166   167   168   
168   167   169   
168   169   170   
170   169   171   
170   171   164   
164   171   165   
165   171   167   
167   171   169   
170   164   168   
168   164   166   
172   173   174   
174   173   175   
174   175   176   
176   175   177   
176   177   178   
178   177   179   
178   179   172   
172   179   173   
173   179   175   
175   179   177   
178   172   176   
176   172   174   
180   181   182   
182   181   183   
182   183   184   
184   183   185   
184   185   186   
186   185   187   
186   187   180   
180   187   181   
181   187   183   
183   187   185   
186   180   184   
184   180   182   
188   189   190   
190   189   191   
190   191   192   
192   191   193   
192   193   194   
194   193   195   
194   195   188   
188   195   189   
189   195   191   
191   195   193   
194   188   192   
192   188   190   
196   197   198   
198   197   199   
198   199   200   
200   199   201   
200   201   202   
202   201   203   
202   203   196   
196   203   197   
197   203   199   
199   203   201   
202   196   200   
200   196   198   
204   205   206   
206   205   207   
206   207   208   
208   207   209   
208   209   210   
210   209   211   
210   211   204   
204   211   205   
205   211   207   
207   211   209   
210   204   208   
208   204   206   
212   213   214   
214   213   215   
214   215   216   
216   215   217   
216   217   218   
218   217   219   
218   219   212   
212   219   213   
213   219   215   
215   219   217   
218   212   216   
216   212   214   
220   221   222   
222   221   223   
222   223   224   
224   223   225   
224   225   226   
226   225   227   
226   227   220   
220   227   221   
221   227   223   
223   227   225   
226   220   224   
224   220   222   
228   229   230   
230   229   231   
230   231   232   
232   231   233   
232   233   234   
234   233   235   
234   235   228   
228   235   229   
229   235   231   
231   235   233   
234   228   232   
232   228   230   
236   237   238   
238   237   239   
238   239   240   
240   239   241   
240   241   242   
242   241   243   
242   243   236   
236   243   237   
237   243   239   
239   243   241   
242   236   240   
240   236   238   
244   245   246   
246   245   247   
246   247   248   
248   247   249   
248   249   250   
250   249   251   
250   251   244   
244   251   245   
245   251   247   
247   251   249   
250   244   248   
248   244   246   
252   253   254   
254   253   255   
254   255   256   
256   255   257   
256   257   258   
258   257   259   
258   259   252   
252   259   253   
253   259   255   
255   259   257   
258   252   256   
256   252   254   
260   261   262   
262   261   263   
262   263   264   
264   263   265   
264   265   266   
266   265   267   
266   267   260   
260   267   261   
261   267   263   
263   267   265   
266   260   264   
264   260   262   
268   269   270   
270   269   271   
270   271   272   
272   271   273   
272   273   274   
274   273   275   
274   275   268   
268   275   269   
269   275   271   
271   275   273   
274   268   272   
272   268   270   
276   277   278   
278   277   279   
278   279   280   
280   279   281   
280   281   282   
282   281   283   
282   283   276   
276   283   277   
277   283   279   
279   283   281   
282   276   280   
280   276   278   
284   285   286   
286   285   287   
286   287   288   
288   287   289   
288   289   290   
290   289   291   
290   291   284   
284   291   285   
285   291   287   
287   291   289   
290   284   288   
288   284   286   
292   293   294   
294   293   295   
294   295   296   
296   295   297   
296   297   298   
298   297   299   
298   299   292   
292   299   293   
293   299   295   
295   299   297   
298   292   296   
296   292   294   
